NMF: 27.8696295938
KNN: 28.9101802845
SVD: 85.2499079865
User-based: 42.439369508711614
Item-based: 43.48960439654013
